300 300
8 7 9 6 11 10 12 13 5 16 15 17 14 19 18 20 21 4 25 24 26 23 28 27 29 30 22 33 32 34 35 31 37 36 38 39 3 44 43 45 42 47 46 48 49 41 52 51 53 54 50 56 55 57 58 40 62 61 63 60 65 64 66 67 59 70 69 71 72 68 74 73 75 76 2 82 81 83 80 85 84 86 87 79 90 89 91 88 93 92 94 95 78 99 98 100 97 102 101 103 104 96 107 106 108 109 105 111 110 112 113 77 118 117 119 116 121 120 122 123 115 126 125 127 128 124 130 129 131 132 114 136 135 137 134 139 138 140 141 133 144 143 145 146 142 148 147 149 150 1 157 156 158 155 160 159 161 162 154 165 164 166 163 168 167 169 170 153 174 173 175 172 177 176 178 179 171 182 181 183 184 180 186 185 187 188 152 193 192 194 191 196 195 197 198 190 201 200 202 203 199 205 204 206 207 189 211 210 212 209 214 213 215 216 208 219 218 220 221 217 223 222 224 225 151 231 230 232 229 234 233 235 236 228 239 238 240 241 237 243 242 244 245 227 249 248 250 247 252 251 253 254 246 257 256 258 259 255 261 260 262 263 226 268 267 269 266 271 270 272 273 265 276 275 277 278 274 280 279 281 282 264 286 285 287 284 289 288 290 291 283 294 293 295 296 292 298 297 299 300
37 167
129 224
146 149
142 113
213 139
282 192
278 59
176 270
191 194
189 285
221 139
139 48
118 116
133 236
222 184
71 49
294 220
75 98
204 182
241 293
288 101
243 289
261 251
38 26
86 206
111 176
97 111
19 16
172 110
288 38
118 120
285 58
3 83
109 51
34 213
85 155
144 102
30 104
127 10
120 208
213 264
277 78
197 1
159 279
218 149
42 235
107 73
266 185
136 264
220 230
92 3
260 19
224 136
128 94
86 59
242 33
176 72
96 235
297 122
131 264
164 139
112 146
93 274
93 287
109 95
22 268
138 71
193 193
116 113
231 90
242 78
60 59
159 246
59 229
142 189
167 292
130 95
179 163
42 100
267 71
270 185
165 283
168 256
165 201
241 29
234 44
13 155
294 188
87 187
14 138
158 174
299 77
261 218
50 266
160 289
58 49
80 205
144 269
43 85
158 164
158 6
217 125
281 195
57 272
99 94
17 225
59 73
52 245
64 58
26 52
266 51
252 133
70 283
32 17
194 239
275 157
163 254
124 71
297 217
300 257
27 3
64 58
40 235
149 71
247 181
201 140
36 141
203 104
84 251
3 96
93 276
216 112
192 216
44 276
26 105
223 261
43 271
100 218
266 6
22 191
266 74
5 270
290 24
275 229
247 158
227 9
137 235
281 89
38 64
136 152
114 12
255 243
144 33
104 16
187 112
68 182
274 21
125 98
173 17
50 56
222 207
27 75
229 88
15 5
295 246
128 13
295 193
94 247
248 53
132 44
169 249
150 75
98 191
173 61
68 261
90 221
280 286
16 181
21 7
221 171
145 211
53 293
120 272
290 126
290 235
149 82
179 231
68 170
178 103
238 177
143 139
106 273
208 175
248 148
181 5
223 203
152 194
37 7
177 57
194 14
75 124
58 167
266 28
98 127
194 253
263 117
175 92
7 219
43 231
273 70
253 209
261 262
10 295
110 111
111 32
183 229
73 138
131 45
276 187
249 15
11 225
188 274
110 222
119 31
135 113
34 130
170 147
252 50
149 23
147 201
69 226
296 67
274 251
16 158
187 244
39 73
224 200
57 285
214 7
76 121
219 29
276 40
247 87
99 77
52 124
129 30
147 46
193 46
148 103
141 138
86 60
98 93
269 153
211 87
174 242
125 290
219 152
105 72
20 74
162 123
239 76
238 157
153 16
218 112
243 136
35 91
170 214
266 103
283 76
292 271
219 272
114 269
20 88
159 71
230 231
273 234
187 159
128 110
144 269
251 96
101 48
273 35
141 294
225 184
180 105
110 150
280 139
84 110
248 195
265 284
176 230
101 240
87 175
135 98
63 184
293 10
120 254
75 265
157 172
153 122
